Meshes: 1
Lights: 0
Materials: 0
Cameras: 0

Transform: sexyCube
Position: 0.000000, 0.000000, 0.000000
Scale: 1.000000, 1.000000, 1.000000
Rotation: 0.000000, 0.000000, 0.000000
Vertex Count: 8
Triangle Count: 12
UV Count: 14
Face Index Count: 36
Vertices:
-0.500000 -0.500000 0.500000 0.000000 
0.500000 -0.500000 0.500000 0.000000 
-0.500000 0.500000 0.500000 0.000000 
0.500000 0.500000 0.500000 0.000000 
-0.500000 0.500000 -0.500000 0.000000 
0.500000 0.500000 -0.500000 0.000000 
-0.500000 -0.500000 -0.500000 0.000000 
0.500000 -0.500000 -0.500000 0.000000 
